id;status
1;true
2;true
3;false
4;true
5;false
6;true
7;true
8;false
9;true
10;true
